# This file will not be included in the build of the package,
# but objects created here will, via add_data(), be available
# from the 'data/' folder

bartlett <- c(606.7, 609.5, 612.9, 614.3, 628.8, 630.7, 633.5,
635.8, 651.1, 652.9, 662.4, 664.9, 674.3, 675.4, 764, 765.6,
767.5, 769, 802.7, 805.3, 818.2, 834.4, 836.3, 856.6, 893.4,
933.5, 1004, 1006, 1014, 1016.1, 1019.3, 1021, 1077.5, 1101.2,
1103.6, 1125, 1130.1, 1138, 1158.1, 1173, 1178.6, 1230.3, 1317.4,
1318.6, 1321.3, 1322.3, 1323.8, 1325.1, 1349.8, 1422.4, 1542.2,
1543.4, 1550.3, 1554.2, 1555.8, 1558.8, 1560.6, 1605.4, 1610.4,
1614.3, 1739.6, 1762.4, 1764.3, 1780.2, 1786.2, 1806.8, 1819.7,
1823.6, 1836.6, 1843.5, 1846, 1858.3, 1864, 1875.3, 1877.8,
1879.4, 1887, 1889.3, 1895.4, 1897.5, 1932.2, 1947.6, 1952.2,
2007.9, 2010.1, 2016.1, 2017.9, 2019.8, 2021.6, 2063.6, 2072.9,
2164.6, 2167, 2197.6, 2198.8, 2207.6, 2214.2, 2264, 2322.1, 2324,
2326.9, 2327.4, 2328.6, 2359.6, 2371.5, 2372.3, 2373.5, 2374.3,
2379, 2387.3, 2394.6, 2403.4, 2405.2, 2408.3, 2409.1, 2443.2,
2446.2, 2448.8, 2452.5, 2493.8, 2523.5, 2541.1, 2543, 2556.8,
2597, 2607.1, 2619, 2630, 2630.2)
