# This file will not be included in the build of the package,
# but objects created here will, via add_data(), be available
# from the 'data/' folder

# time series data of unknown nature
# https://stackoverflow.com/questions/52625679
tf.d12 <- structure(c(-9582, -2777, 7939, -6939, -1653, 4712, 5655, 2235, 3449,
-17264, 5962, 931, 2839, 223, -237, -1236, -1224, 5414, 4969, -2741, 14119,
-16877, 2375, 5511, -598, -3260, 5768, -2945, -942, 6200, 4531, 4466, 7891,
-19508, -3310, 12572, -8665, -6374, 9593, -947, -1224, 7412, -922, 8448, 7462,
-17416, -3113, 3677, 7533, 530, 899, 5956, -1386, 11282, 346, 7112, 5400,
-19938, -6540, 9285, -3621, -4518, 6293, -4278, -3305, 7316, 3505, 11076,
-10885, -9789, -12419, 5363, -9480, -7809, 13094, -6405, -2923, 9175, 3337, 651,
14695, -18966, 4512, 2855, -7898, 8739, 6120, -209, 1488, 6271, 1846, -1805,
10936, -24949, -3232, 10635, -2204, -8522, 13338, -641, -2744, 7461, -5210,
10490, -4242, -13900, -4105, 13550, -5612, 1322, 3582, 1977, 739, 317, 5831,
-2952, -10266, -1936, -3167, 6591, -2628, -5524, 12066, 4222, 1200, -2638,
16385, -9307, 8789, -13242, -8849, 12135, -3081, 1511, 851, 12078, -10574,
20560, 5321, -4332, 8771, -19739, 5892, 9987, -13598, 37142, -16195, 13037,
-7358, 1159, -170, -2370, 2941, -17942, -13372, 18153, 11070, -12246, 1830,
10843, -8752, 13480, 6562, -5789, 4378, -11198, -6309, 20940, -5989, -10982,
11866, 10828, -5348, 4832, 4926, 2389, 21484, -44188, 3940, 21637, -10868, 809,
1992, 4137, 9789, 6258, 1008), .Tsp = c(1, 16.5, 12), class = "ts")


# Bartlett car data
bartlett <- c(606.7, 609.5, 612.9, 614.3, 628.8, 630.7, 633.5,
635.8, 651.1, 652.9, 662.4, 664.9, 674.3, 675.4, 764, 765.6,
767.5, 769, 802.7, 805.3, 818.2, 834.4, 836.3, 856.6, 893.4,
933.5, 1004, 1006, 1014, 1016.1, 1019.3, 1021, 1077.5, 1101.2,
1103.6, 1125, 1130.1, 1138, 1158.1, 1173, 1178.6, 1230.3, 1317.4,
1318.6, 1321.3, 1322.3, 1323.8, 1325.1, 1349.8, 1422.4, 1542.2,
1543.4, 1550.3, 1554.2, 1555.8, 1558.8, 1560.6, 1605.4, 1610.4,
1614.3, 1739.6, 1762.4, 1764.3, 1780.2, 1786.2, 1806.8, 1819.7,
1823.6, 1836.6, 1843.5, 1846, 1858.3, 1864, 1875.3, 1877.8,
1879.4, 1887, 1889.3, 1895.4, 1897.5, 1932.2, 1947.6, 1952.2,
2007.9, 2010.1, 2016.1, 2017.9, 2019.8, 2021.6, 2063.6, 2072.9,
2164.6, 2167, 2197.6, 2198.8, 2207.6, 2214.2, 2264, 2322.1, 2324,
2326.9, 2327.4, 2328.6, 2359.6, 2371.5, 2372.3, 2373.5, 2374.3,
2379, 2387.3, 2394.6, 2403.4, 2405.2, 2408.3, 2409.1, 2443.2,
2446.2, 2448.8, 2452.5, 2493.8, 2523.5, 2541.1, 2543, 2556.8,
2597, 2607.1, 2619, 2630, 2630.2)

comment(bartlett) <- "Bartlett car data"

# MarbleLympics 2018 speed skating times (inc. intermediates)
speedskate <- list(lane1 = structure(list(sno = c(8.32, 15.75,
23.25, 30.77), ras = c(8.33, 15.84, 23.34, 30.87), ora = c(8.54,
16.16, 23.87, 31.16), bal = c(8.63, 16.34, 24.24, 32.12), lim =
c(8.66, 15.84, 23.93, 31.74), mom = c(8.54, 16.31, 24.39, 32.43),
thu = c(8.56, 16.14, 23.8, 31.51), mid = c(8.54, 16.17, 23.88,
31.5)), class = "data.frame", row.names = c("5m", "10m", "15m",
"20m")), lane2 = structure(list(pin = c(8.78, 16.42, 24.39,
32.39), min = c(8.47, 16.00, 23.38, 30.88), oce = c(8.61, 16.29,
24.02, 31.25), cra = c(8.38, 15.91, 23.44, 30.90), mel = c(8.86,
16.25, 24.68, 32.48), gal = c(8.50, 16.05, 23.75, 31.42), sav =
c(8.40, 15.77, 23.15, 30.57), haz = c(8.29, 15.64, 23.01, 30.34)),
class = "data.frame", row.names = c("5m", "10m", "15m", "20m")))

comment(speedskate) <- "MarbleLympics 2018 speed skating times"

# default par() settings
.def.par <- list(xlog = FALSE, ylog = FALSE, adj = 0.5, ann =
TRUE, ask = FALSE, bg = "transparent", bty = "o", cex = 1,
cex.axis = 1, cex.lab = 1, cex.main = 1.2, cex.sub = 1, col =
"black", col.axis = "black", col.lab = "black", col.main =
"black", col.sub = "black", crt = 0, err = 0L, family = "", fg =
"black", fig = c(0, 1, 0, 1), fin = c(5.5, 5.5), font = 1L,
font.axis = 1L, font.lab = 1L, font.main = 2L, font.sub = 1L, lab
= c(5L, 5L, 7L), las = 0L, lend = "round", lheight = 1, ljoin =
"round", lmitre = 10, lty = "solid", lwd = 1, mai = c(1.02, 0.82,
0.82, 0.42), mar = c(5.1, 4.1, 4.1, 2.1), mex = 1, mfcol = c(1L,
1L), mfg = c(1L, 1L, 1L, 1L), mfrow = c(1L, 1L), mgp = c(3, 1,
0), mkh = 0.001, new = FALSE, oma = c(0, 0, 0, 0), omd = c(0, 1,
0, 1), omi = c(0, 0, 0, 0), pch = 1L, pin = c(4.26, 3.66), plt =
c(0.149090909090909, 0.923636363636364, 0.185454545454545,
0.850909090909091), ps = 12L, pty = "m", smo = 1, srt = 0, tck =
NA_real_, tcl = -0.5, usr = c(0, 1, 0, 1), xaxp = c(0, 1, 5),
xaxs = "r", xaxt = "s", xpd = FALSE, yaxp = c(0, 1, 5), yaxs =
"r", yaxt = "s", ylbias = 0.2)



# A few mathematical constants to 100 decimal points

# Euler's number or Napier's constant
e.char <- paste0("2.7182818284590452353602874713526624977572470936999",
                 "595749669676277240766303535475945713821785251664274")
e <- as.numeric(e.char)

# Pi, Archimedes' constant or circle constant
pi.char <- paste0("3.1415926535897932384626433832795028841971693993751",
                  "058209749445923078164062862089986280348253421170679")
pi <- as.numeric(pi.char)

# Phi, the golden ratio
phi.char <- paste0("1.6180339887498948482045868343656381177203091798057",
                   "628621354486227052604628189024497072072041893911375")
phi <- as.numeric(phi.char)

# Feigenbaum bifurcation velocity
feig1.char <- paste0("4.6692016091029906718532038204662016172581855774757",
                     "686327456513430041343302113147371386897440239480138")
feig1 <- as.numeric(feig1.char)

# Feigenbaum reduction parameter
feig2.char <- paste0("2.5029078750958928222839028732182157863812713767271",
                     "499773361920567792354631795902067032996497464338341")
feig2 <- as.numeric(feig2.char)

# Euler–Mascheroni constant
eu.ma.char <- paste0("0.5772156649015328606065120900824024310421593359399",
                     "23598805767234884867726777664670936947063291746749")
eu.ma <- as.numeric(eu.ma.char)

# Khintchine's constant
khin.char <- paste0("2.6854520010653064453097148354817956938203822939944",
                    "629530511523455572188595371520028011411749318476980")
khin <- as.numeric(khin.char)

# Glaisher-Kinkelin constant
glai.kin.char <- paste0("1.2824271291006226368753425688697917277676889273250",
                       "011920637400217404063088588264611297364919582023744")
glai.kin <- as.numeric(glai.kin.char)



# # Bernoulli e approximation
# n <- 200
# e.app <- (1 + 1/(1:n))^(1:n); e.app[n]
# plot(e.app, type="l")